-0.7174685582715885 -0.028264367977347805 0.27318558958285305 -0.05478604695738965 -0.09047640114149952 0.3685495897318341
-0.6821577049400223 0.0046168413197341706 0.30157680126164466 -0.04459921110975001 -0.09524340769426333 0.36795200027242864
-0.6708142738350226 0.016099992508697984 0.3185780939646057 -0.040851993391973734 -0.09490038820852272 0.3677447044945111
-0.651513929920918 0.021274473974827405 0.3520708986928625 -0.04122637498930953 -0.09269880895065803 0.3663496621852903
-0.6342997469982552 0.019966312867713158 0.37275423058239365 -0.044120536882424816 -0.08989645775140198 0.3662216498606635
-0.6061416795461715 0.0185502819130789 0.38939517392625816 -0.047241533322391505 -0.09100184521176585 0.3654796064788827
-0.5681490348738342 0.01648109846505551 0.4049060075546032 -0.050162480702978574 -0.0960404592264513 0.3639519903728598
-0.5205233009418518 0.027208551574574993 0.4134054417496176 -0.047178313665066286 -0.10601765933721499 0.3611066736455054
-0.4698651861631371 0.024796406430066472 0.3931488544789249 -0.05133069857453424 -0.11783337350884474 0.35746124162527454
-0.4251472538899499 0.012121024694653629 0.36233549285901784 -0.05866142647032626 -0.1276847820858929 0.3521279370390726
-0.4005070706595797 -0.003926167738366918 0.32893290009122966 -0.06590194362405914 -0.12842976929567454 0.34716223451904477
-0.38595069127807513 -0.012423160172505306 0.29833661879258366 -0.0656804323641634 -0.12269689206482678 0.3424015631711105
-0.38963499573504845 -0.03434656675859302 0.26144287330062493 -0.06744240741951069 -0.11004889448985279 0.34047764097895244
-0.37651805771041524 -0.06390025168364409 0.20622732861266468 -0.07185028370828789 -0.10399125750120061 0.3348467447476762
-0.3575373529690251 -0.08307942408679211 0.1491062149148561 -0.06958356474981887 -0.09986095155009296 0.3275676878078656
-0.35213214357927397 -0.1148243202950884 0.08777688372089337 -0.0719683020263383 -0.09093433639143562 0.3226603305782213
-0.3464335343086717 -0.14547534051860875 0.030818819580608798 -0.07373779117746326 -0.08528752877835961 0.3199330441823494
-0.3352992208206427 -0.18958646018133243 -0.042319933697198844 -0.08116317280117823 -0.0829647337068318 0.3161807567948111
-0.33023365487656314 -0.2509480557220598 -0.1150821203044817 -0.09442519747758207 -0.07799631830009644 0.3103839849107599
-0.3303735356178516 -0.27351886707116874 -0.14854084910086524 -0.09076461610751652 -0.07674729285920559 0.3063303974266729
-0.3464608295681054 -0.27535624922171215 -0.17112024025350786 -0.07922163438535025 -0.07166888412801653 0.3051468395551583
-0.3658415613040847 -0.2742239283928797 -0.19761693400645616 -0.07028975344032808 -0.0687059003354998 0.304869038832611
-0.3778327742982032 -0.26907547176605334 -0.2106820493419772 -0.0656742168650578 -0.07109368354670073 0.30436934137888677
-0.38899995575490603 -0.25728365207057613 -0.23533294745044758 -0.06262661715475491 -0.0826374903042706 0.3013260654736495
-0.42276218280107464 -0.2542255668134252 -0.27729821248867276 -0.06702857667927499 -0.09711734512755152 0.29976786567242103
-0.47369806839781375 -0.24873514261465846 -0.2967120490791034 -0.0738557708714108 -0.0983308946453975 0.3007393975980874
-0.5208843084998924 -0.2435366094266586 -0.29485555665689306 -0.07726498152863762 -0.09287890614620793 0.30447129175562376
-0.5934383141685639 -0.21874125401930192 -0.280615304902835 -0.07843427905735258 -0.08077316697578785 0.3127052701435147
-0.6385668535424542 -0.17697355928184946 -0.24185743768627585 -0.07457334689062664 -0.07286930839302301 0.31979932676991357
-0.6512525445954338 -0.13692912731451543 -0.18210517975620252 -0.06953746564051268 -0.07278131402228726 0.3234673111366716
-0.6600211114191527 -0.09692607146968733 -0.12787837668059798 -0.06837701328771743 -0.07336495368869277 0.3248666656439071
-0.6591036468968461 -0.056401719886964664 -0.07548402231712384 -0.07132316662528639 -0.07468122921484041 0.32413774978032067
-0.6589845587823209 -0.02014943375302132 -0.031082034288907757 -0.08021168449293112 -0.07637835515769847 0.3241076718980168
-0.6640004236003866 0.015860766708719463 0.034909977028138583 -0.09431587481077942 -0.07885964771916917 0.3251466407727317
-0.6558114243318756 0.020803548916246573 0.08888884671682878 -0.10992933672604341 -0.08346166018106464 0.32628593148362756
-0.6243709050818983 0.1220561265572308 0.3586487995114188 -0.07762222560947904 -0.10376382091193631 0.3420057404148432
-0.6127519171108473 0.18181524752127648 0.4072244747105384 -0.05078643027946034 -0.10340952182890464 0.3443522475635648
-0.603667920027016 0.21699795449921677 0.4133209721871896 -0.03779840893344076 -0.10150499607771109 0.3418630994347509
-0.6143738136571543 0.21383913631506352 0.36982237993297706 -0.043248001835310856 -0.09553591516152739 0.34144812551383685
-0.6217318678092837 0.20030484097151097 0.33222883980553386 -0.05023951576562053 -0.09183932161835706 0.33993545193791863
-0.6342826446995306 0.16236343659533042 0.26714118626287736 -0.06621874610323793 -0.0868036608473256 0.33723670400503225
-0.6483842089100856 0.11912884141259383 0.19618752103102063 -0.08026941154247678 -0.08108985241307584 0.3353134186605113
-0.6560230839647131 0.07601763140662685 0.12161845500445376 -0.09135126325521255 -0.07651703710794551 0.3332093063404803
-0.6654413805012057 0.02725936689171731 0.04493989504810361 -0.10066804678882553 -0.07277347154662044 0.3299649351297547
-0.6855823813106683 0.0018201697312786446 -0.004918573628975834 -0.09591692460238661 -0.066222946441522 0.33024102728440474
-0.6934784256965857 -0.01969006375115719 -0.05379540767924773 -0.08924704465281272 -0.06368542371524202 0.33062002394337037
-0.710748515223234 -0.031116879580921807 -0.09557029567032013 -0.07814933895731235 -0.05806862087475989 0.3299597806147202
-0.710748515223234 -0.03111687958092183 -0.09557029567032013 -0.07814933895731235 -0.0580686208747599 0.32995978061472025
-0.7216066181810936 -0.057752693804980784 -0.12413539299900933 -0.07125781028851745 -0.055756379170301046 0.3287007276331974
-0.7172664387345948 -0.10400779886752333 -0.16435783585131677 -0.07736424969603256 -0.057532618412426476 0.327773370360569
-0.713206340824808 -0.14329993931310822 -0.20228768250004034 -0.08547870606079912 -0.05875951516569687 0.3272566416500492
-0.7090152899155034 -0.1856156188541498 -0.24498837426083442 -0.09634543048005381 -0.05930132493176267 0.32502300216414887
